1 0 0
2 0 0
3 0 0
4 0 0
5 0 0
6 0 0
7 0 0
8 0 0
9 0 0
10 0 0
11 0 0
12 0 0
13 0 0
14 0 0
15 0 0
16 0 0
17 0 0
18 0 0
19 0 0
20 0 0
21 0 0
22 0 0
23 0 0
24 0 0
25 0 0
26 0 0
27 0 0
28 0 0
29 0 0
30 0 0
31 0 0
32 0 0
33 0 0
34 0 0
35 0 0
36 0 0
37 0 0
38 0 0
39 0 0
40 0 0
41 0 0
42 0 0
43 0 0
44 0 0
45 0 0
46 0 0
47 0 0
48 0 0
49 0 0
50 0 0
51 0 0
52 0 0
53 0 0
54 0 0
55 0 0
56 0 0
57 0 0
58 0 0
59 0 0
60 0 0
61 0 0
62 0 0
63 0 0
64 0 0
65 0 0
66 0 0
67 0 0
68 0 0
69 0 0
70 0 0
71 0 0
72 0 0
73 0 0
74 0 0
75 0 0
76 0 0
77 0 0
78 0 0
79 0 0
80 0 0
81 0 0
82 0 0
83 0 0
84 0 0
85 0 0
86 0 0
87 0 0
88 0 0
89 0 0
90 0 0
91 0 0
92 0 0
93 0 0
94 0 0
95 0 0
96 0 0
97 0 0
98 0 0
99 0 0
100 0 0
101 7 83
102 7 60
103 7 57
104 7 35
105 7 60
106 7 70
107 7 26
108 7 37
109 7 88
110 7 83
111 7 62
112 7 85
113 7 52
114 7 1
115 7 23
116 7 48
117 7 33
118 7 3
119 7 67
120 7 27
121 63 100
122 63 88
123 63 46
124 63 41
125 63 69
126 63 21
127 63 48
128 63 27
129 63 95
130 63 36
131 63 24
132 63 49
133 63 69
134 63 18
135 63 10
136 63 39
137 63 11
138 63 95
139 63 92
140 63 9
141 99 22
142 99 98
143 99 19
144 99 46
145 99 92
146 99 10
147 99 17
148 99 65
149 99 26
150 99 9
151 99 70
152 99 89
153 99 47
154 99 1
155 99 47
156 99 57
157 99 19
158 99 52
159 99 39
160 99 36
161 50 41
162 50 35
163 50 16
164 50 98
165 50 65
166 50 91
167 50 91
168 50 74
169 50 29
170 50 54
171 50 64
172 50 40
173 50 25
174 50 16
175 50 67
176 50 4
177 50 40
178 50 74
179 50 29
180 50 3
181 15 22
182 15 49
183 15 23
184 15 37
185 15 14
186 15 100
187 15 25
188 15 11
189 15 54
190 15 62
191 15 64
192 15 89
193 15 4
194 15 14
195 15 18
196 15 17
197 15 85
198 15 24
199 15 21
200 15 33
201 162 152
202 162 115
203 162 121
204 162 168
205 162 195
206 162 133
207 162 125
208 162 150
209 162 115
210 162 189
211 162 151
212 162 200
213 162 179
214 162 159
215 162 195
216 162 133
217 162 110
218 162 193
219 162 158
220 162 113
221 171 143
222 171 150
223 171 176
224 171 144
225 171 198
226 171 148
227 171 152
228 171 130
229 171 154
230 171 174
231 171 199
232 171 161
233 171 112
234 171 136
235 171 177
236 171 153
237 171 186
238 171 179
239 171 138
240 171 193
241 167 120
242 167 151
243 167 144
244 167 181
245 167 198
246 167 189
247 167 121
248 167 126
249 167 183
250 167 168
251 167 183
252 167 154
253 167 181
254 167 130
255 167 157
256 167 161
257 167 200
258 167 160
259 167 119
260 167 124
261 127 138
262 127 105
263 127 139
264 127 153
265 127 110
266 127 148
267 127 174
268 127 156
269 127 137
270 127 125
271 127 135
272 127 157
273 127 139
274 127 158
275 127 136
276 127 175
277 127 113
278 127 177
279 127 175
280 127 120
281 163 135
282 163 159
283 163 188
284 163 126
285 163 188
286 163 199
287 163 112
288 163 137
289 163 119
290 163 129
291 163 156
292 163 186
293 163 180
294 163 176
295 163 160
296 163 180
297 163 129
298 163 124
299 163 105
300 163 143
301 288 245
302 288 278
303 288 221
304 288 202
305 288 222
306 288 202
307 288 214
308 288 225
309 288 214
310 288 282
311 288 269
312 288 211
313 288 205
314 288 207
315 288 299
316 288 251
317 288 245
318 288 251
319 288 280
320 288 232
321 275 280
322 275 294
323 275 203
324 275 278
325 275 231
326 275 258
327 275 221
328 275 229
329 275 239
330 275 264
331 275 293
332 275 293
333 275 285
334 275 291
335 275 261
336 275 268
337 275 299
338 275 244
339 275 282
340 275 224
341 235 223
342 235 223
343 235 243
344 235 290
345 235 211
346 235 291
347 235 213
348 235 231
349 235 264
350 235 229
351 235 254
352 235 240
353 235 215
354 235 290
355 235 285
356 235 255
357 235 203
358 235 272
359 235 242
360 235 276
361 212 208
362 212 219
363 212 263
364 212 254
365 212 236
366 212 236
367 212 244
368 212 233
369 212 258
370 212 240
371 212 269
372 212 208
373 212 294
374 212 284
375 212 230
376 212 272
377 212 219
378 212 222
379 212 230
380 212 276
381 228 243
382 228 246
383 228 249
384 228 224
385 228 239
386 228 261
387 228 284
388 228 249
389 228 213
390 228 268
391 228 207
392 228 205
393 228 255
394 228 232
395 228 215
396 228 233
397 228 242
398 228 263
399 228 225
400 228 246
401 310 391
402 310 363
403 310 379
404 310 314
405 310 322
406 310 376
407 310 367
408 310 358
409 310 378
410 310 331
411 310 329
412 310 385
413 310 319
414 310 341
415 310 370
416 310 335
417 310 307
418 310 344
419 310 353
420 310 355
421 392 385
422 392 336
423 392 341
424 392 301
425 392 383
426 392 313
427 392 367
428 392 378
429 392 330
430 392 386
431 392 332
432 392 398
433 392 355
434 392 332
435 392 308
436 392 351
437 392 305
438 392 375
439 392 330
440 392 360
441 302 384
442 302 350
443 302 316
444 302 339
445 302 308
446 302 395
447 302 319
448 302 316
449 302 346
450 302 377
451 302 395
452 302 305
453 302 372
454 302 346
455 302 380
456 302 397
457 302 370
458 302 384
459 302 360
460 302 353
461 373 314
462 373 301
463 373 322
464 373 383
465 373 358
466 373 335
467 373 307
468 373 313
469 373 340
470 373 369
471 373 361
472 373 338
473 373 376
474 373 338
475 373 331
476 373 371
477 373 375
478 373 349
479 373 340
480 373 372
481 366 351
482 366 350
483 366 398
484 366 344
485 366 386
486 366 369
487 366 380
488 366 336
489 366 363
490 366 329
491 366 397
492 366 345
493 366 371
494 366 391
495 366 361
496 366 377
497 366 339
498 366 349
499 366 345
500 366 379
501 415 445
502 415 406
503 415 402
504 415 419
505 415 499
506 415 426
507 415 486
508 415 484
509 415 478
510 415 494
511 415 495
512 415 446
513 415 456
514 415 469
515 415 440
516 415 441
517 415 494
518 415 433
519 415 471
520 415 442
521 413 484
522 413 405
523 413 479
524 413 470
525 413 454
526 413 454
527 413 440
528 413 401
529 413 425
530 413 428
531 413 470
532 413 434
533 413 428
534 413 405
535 413 412
536 413 412
537 413 489
538 413 448
539 413 475
540 413 448
541 420 471
542 420 498
543 420 479
544 420 478
545 420 486
546 420 465
547 420 495
548 420 402
549 420 417
550 420 444
551 420 418
552 420 459
553 420 444
554 420 401
555 420 465
556 420 483
557 420 443
558 420 419
559 420 490
560 420 439
561 452 469
562 452 416
563 452 480
564 452 463
565 452 483
566 452 490
567 452 425
568 452 430
569 452 475
570 452 431
571 452 434
572 452 430
573 452 445
574 452 433
575 452 416
576 452 407
577 452 406
578 452 442
579 452 417
580 452 431
581 447 463
582 447 489
583 447 499
584 447 426
585 447 498
586 447 451
587 447 441
588 447 408
589 447 439
590 447 446
591 447 451
592 447 456
593 447 407
594 447 459
595 447 404
596 447 443
597 447 408
598 447 404
599 447 480
600 447 418
601 502 557
602 502 568
603 502 561
604 502 544
605 502 590
606 502 516
607 502 501
608 502 549
609 502 588
610 502 537
611 502 552
612 502 536
613 502 535
614 502 550
615 502 571
616 502 506
617 502 562
618 502 540
619 502 580
620 502 592
621 503 520
622 503 543
623 503 557
624 503 571
625 503 578
626 503 552
627 503 585
628 503 573
629 503 587
630 503 528
631 503 512
632 503 580
633 503 566
634 503 527
635 503 518
636 503 579
637 503 582
638 503 553
639 503 516
640 503 518
641 577 545
642 577 556
643 577 596
644 577 589
645 577 539
646 577 585
647 577 591
648 577 590
649 577 550
650 577 525
651 577 558
652 577 519
653 577 519
654 577 598
655 577 566
656 577 562
657 577 573
658 577 582
659 577 508
660 577 588
661 509 553
662 509 527
663 509 529
664 509 578
665 509 556
666 509 512
667 509 568
668 509 529
669 509 543
670 509 504
671 509 591
672 509 542
673 509 528
674 509 545
675 509 535
676 509 589
677 509 536
678 509 595
679 509 587
680 509 542
681 523 561
682 523 508
683 523 537
684 523 504
685 523 595
686 523 592
687 523 598
688 523 579
689 523 558
690 523 540
691 523 539
692 523 515
693 523 549
694 523 544
695 523 506
696 523 501
697 523 515
698 523 520
699 523 596
700 523 525
701 622 683
702 622 643
703 622 637
704 622 681
705 622 681
706 622 651
707 622 631
708 622 661
709 622 628
710 622 636
711 622 643
712 622 696
713 622 684
714 622 618
715 622 664
716 622 628
717 622 671
718 622 675
719 622 638
720 622 642
721 610 665
722 610 618
723 610 695
724 610 699
725 610 666
726 610 616
727 610 639
728 610 621
729 610 620
730 610 605
731 610 657
732 610 670
733 610 611
734 610 619
735 610 634
736 610 642
737 610 656
738 610 625
739 610 636
740 610 684
741 607 616
742 607 638
743 607 690
744 607 620
745 607 670
746 607 617
747 607 673
748 607 682
749 607 629
750 607 617
751 607 657
752 607 647
753 607 647
754 607 666
755 607 619
756 607 637
757 607 665
758 607 625
759 607 691
760 607 675
761 602 630
762 602 605
763 602 632
764 602 632
765 602 612
766 602 693
767 602 696
768 602 634
769 602 630
770 602 629
771 602 645
772 602 640
773 602 640
774 602 631
775 602 691
776 602 645
777 602 685
778 602 621
779 602 612
780 602 651
781 698 611
782 698 690
783 698 662
784 698 682
785 698 639
786 698 624
787 698 680
788 698 693
789 698 683
790 698 673
791 698 695
792 698 661
793 698 671
794 698 624
795 698 664
796 698 656
797 698 662
798 698 699
799 698 680
800 698 685
801 716 726
802 716 710
803 716 713
804 716 777
805 716 772
806 716 747
807 716 721
808 716 774
809 716 702
810 716 777
811 716 760
812 716 781
813 716 772
814 716 750
815 716 781
816 716 770
817 716 733
818 716 778
819 716 749
820 716 786
821 734 774
822 734 766
823 734 731
824 734 799
825 734 713
826 734 709
827 734 738
828 734 794
829 734 799
830 734 770
831 734 800
832 734 776
833 734 706
834 734 737
835 734 752
836 734 702
837 734 769
838 734 789
839 734 789
840 734 786
841 739 738
842 739 745
843 739 752
844 739 761
845 739 736
846 739 787
847 739 766
848 739 727
849 739 727
850 739 746
851 739 751
852 739 710
853 739 732
854 739 800
855 739 731
856 739 737
857 739 733
858 739 736
859 739 721
860 739 723
861 730 741
862 730 742
863 730 776
864 730 763
865 730 761
866 730 771
867 730 763
868 730 795
869 730 751
870 730 715
871 730 750
872 730 706
873 730 753
874 730 742
875 730 741
876 730 794
877 730 724
878 730 787
879 730 749
880 730 771
881 704 795
882 704 723
883 704 747
884 704 715
885 704 783
886 704 783
887 704 782
888 704 782
889 704 729
890 704 760
891 704 724
892 704 726
893 704 709
894 704 745
895 704 753
896 704 778
897 704 732
898 704 729
899 704 746
900 704 769
901 881 806
902 881 815
903 881 898
904 881 839
905 881 861
906 881 849
907 881 900
908 881 814
909 881 863
910 881 851
911 881 822
912 881 832
913 881 816
914 881 816
915 881 873
916 881 882
917 881 833
918 881 841
919 881 876
920 881 846
921 801 870
922 801 820
923 801 899
924 801 833
925 801 861
926 801 874
927 801 880
928 801 806
929 801 894
930 801 845
931 801 832
932 801 821
933 801 822
934 801 857
935 801 824
936 801 841
937 801 884
938 801 890
939 801 882
940 801 845
941 810 867
942 810 872
943 810 854
944 810 856
945 810 857
946 810 872
947 810 828
948 810 871
949 810 817
950 810 864
951 810 895
952 810 894
953 810 848
954 810 808
955 810 884
956 810 856
957 810 877
958 810 821
959 810 851
960 810 859
961 853 864
962 853 877
963 853 859
964 853 898
965 853 839
966 853 890
967 853 802
968 853 808
969 853 874
970 853 870
971 853 846
972 853 802
973 853 854
974 853 820
975 853 867
976 853 871
977 853 896
978 853 812
979 853 900
980 853 848
981 809 828
982 809 883
983 809 863
984 809 895
985 809 815
986 809 840
987 809 880
988 809 883
989 809 896
990 809 814
991 809 824
992 809 873
993 809 825
994 809 817
995 809 876
996 809 840
997 809 849
998 809 812
999 809 899
1000 809 825
1001 956 907
1002 956 957
1003 956 920
1004 956 996
1005 956 915
1006 956 902
1007 956 958
1008 956 978
1009 956 982
1010 956 971
1011 956 927
1012 956 951
1013 956 996
1014 956 912
1015 956 958
1016 956 941
1017 956 973
1018 956 926
1019 956 945
1020 956 981
1021 947 952
1022 947 934
1023 947 932
1024 947 921
1025 947 911
1026 947 931
1027 947 935
1028 947 922
1029 947 970
1030 947 908
1031 947 910
1032 947 919
1033 947 995
1034 947 904
1035 947 981
1036 947 974
1037 947 909
1038 947 974
1039 947 978
1040 947 945
1041 939 998
1042 939 964
1043 939 937
1044 939 984
1045 939 970
1046 939 921
1047 939 919
1048 939 995
1049 939 928
1050 939 993
1051 939 904
1052 939 985
1053 939 984
1054 939 913
1055 939 931
1056 939 1000
1057 939 937
1058 939 908
1059 939 920
1060 939 973
1061 972 989
1062 972 971
1063 972 913
1064 972 928
1065 972 998
1066 972 950
1067 972 922
1068 972 910
1069 972 926
1070 972 911
1071 972 1000
1072 972 989
1073 972 933
1074 972 951
1075 972 982
1076 972 959
1077 972 932
1078 972 927
1079 972 993
1080 972 952
1081 994 959
1082 994 964
1083 994 988
1084 994 933
1085 994 957
1086 994 907
1087 994 985
1088 994 975
1089 994 950
1090 994 934
1091 994 986
1092 994 935
1093 994 915
1094 994 912
1095 994 909
1096 994 941
1097 994 902
1098 994 988
1099 994 975
1100 994 986
